"","H","H2","S","D"
"0",1,0,0,0
"1",0.65,0,0.3,0.05
"2",0.4225,0.045,0.39,0.1425
"3",0.274625,0.08775,0.39375,0.243875
"4",0.17850625,0.1161,0.36465,0.34074375
"5",0.1160290625,0.1301625,0.325404375,0.4284040625
"6",0.075418890625,0.13341628125,0.2853703125,0.505794515625
"7",0.04902227890625,0.1295261296875,0.2481412546875,0.57331033671875
"8",0.0318644812890625,0.1214131725,0.214856338125,0.631866008085938
"9",0.0207119128378906,0.11114701284375,0.185639915917969,0.682501158400391
"10",0.0134627433446289,0.100091545736133,0.160223623051172,0.726222087868067
"11",0.0087507831740088,0.0890930481861621,0.13821164170749,0.763944526932339
"12",0.00568800906310572,0.0786422275771289,0.11919071651792,0.796479046841846
"13",0.00369720589101872,0.0689960554028218,0.102773036728718,0.824533701977441
"14",0.00240318382916217,0.0602633915211419,0.0886104522618191,0.848722972387877
"15",0.00156206948895541,0.0524627723280151,0.0763967665752736,0.869578391607756
"16",0.00101534516782102,0.0455603169995009,0.065865350819019,0.887558987013659
"17",0.00065997435908366,0.0394940086725284,0.0567851766825589,0.903060840285829
"18",0.000428983333404379,0.0341888821395273,0.0489565597531469,0.916425574773922
"19",0.000278839166712846,0.0295662573536648,0.042207123481425,0.927947779998198
"20",0.00018124545836335,0.0255491358020959,0.0363881592190396,0.937881459520501
"21",0.000117809547936178,0.0220651621542182,0.0313714178705135,0.946445610427332
"22",7.65762061585154e-05,0.0190480680808189,0.0270463131264801,0.953829042586543
"23",4.9774534003035e-05,0.0164381912215043,0.0233174968183053,0.960194537426188
"24",3.23534471019728e-05,0.0141824488167236,0.0201027626585506,0.965682435077624
"25",2.10297406162823e-05,0.0122340061296529,0.0173312364072056,0.970413727722525
"26",1.36693314005835e-05,0.0105517894453552,0.0149418144257644,0.97449272679748
"27",8.88506541037927e-06,0.00909993530334556,0.0128818170097736,0.978009362621471
"28",5.77529251674653e-06,0.00784723049864065,0.0111058271669796,0.981041167041863
"29",3.75394013588524e-06,0.00676657389916337,0.00957468939588397,0.983654982764817
"30",2.44006108832541e-06,0.00583447644383879,0.00825464645911436,0.985908437035959
